Ридж-регрессия или гребневая регрессия - это один из методов понижения размерности. 
Часто его применяют для борьбы с переизбыточностью данных, когда независимые переменные
коррелируют друг с другом (т.е. имеет место мультиколлинеарность). 
Следствием этого является плохая обусловленность матрицы 
![equation](https://latex.codecogs.com/gif.latex?\Sigma=X^T&space;X) 
и неустойчивость оценок коэффициентов регрессии.
Для решения данной проблемы добавим к функционалу Q регуляризатор, штрафующий большие значения
нормы векторов весов: 
![equation](https://latex.codecogs.com/gif.latex?Q_{\tau}=||&space;y&space;-X\theta||^2&plus;\tau||\theta||^2)
где ![equation](https://latex.codecogs.com/gif.latex?\tau) - неотрицательный параметр,  коэффициент регуляризации.
МНК (регуляризованное) решение получается таким: ![equation](https://latex.codecogs.com/gif.latex?\hat{Q}_\tau=(X^T&space;X&plus;\tau&space;I_k)^{-1}X^T&space;y)

Подробнее работу алгоритма можно рассмотреть на примере:
Пусть у нас имеется выборка с линейно зависимыми признаками. Ее ковариационная матрица имеет вид:
```python
>>>
[[   1099.86927838    5188.59204418   26142.3819319     2199.73855675
     3299.60783513]
 [   5188.59204418   26142.3819319   137384.94461486   10377.18408836
    15565.77613254]
 [  26142.3819319   137384.94461486  743368.03704356   52284.7638638
    78427.1457957 ]
 [   2199.73855675   10377.18408836   52284.7638638     4399.47711351
     6599.21567026]
 [   3299.60783513   15565.77613254   78427.1457957     6599.21567026
     9898.8235054 ]]
```
а собственные значения (первые два нулевые): 
```python
>>> -0.00, 0.00, 34.87, 3115.59, 781758.13
```
Добавим "гребень" с параметром ![equation](https://latex.codecogs.com/gif.latex?\tau=0.3).
Получим новые собственные значения, которые уже не будут нулевыми:
```python
>>> 0.30, 0.30, 35.17, 3115.89, 781758.43
```
При этом новая ковариационная матрица примет вид:
```python
>>>
[[   1100.16927838    5188.59204418   26142.3819319     2199.73855675
     3299.60783513]
 [   5188.59204418   26142.6819319   137384.94461486   10377.18408836
    15565.77613254]
 [  26142.3819319   137384.94461486  743368.33704356   52284.7638638
    78427.1457957 ]
 [   2199.73855675   10377.18408836   52284.7638638     4399.77711351
     6599.21567026]
 [   3299.60783513   15565.77613254   78427.1457957     6599.21567026
     9899.1235054 ]]
```

Заметим, что в результате матрица становится хорошо обусловленной, оставаясь в то же время "похожей" на исходную.
